10066
10149
10186
10193
10468
10479
10730
10741
10780
10872
10875
10930
11022
11086
11246
11287
11310
11333
11597
11777
11792
11840
11979
12158
12181
12195
12228
12421
12550
12562
12710
12809
12823
13086
13147
13148
13164
13253
13342
13423
13498
13590
13672
13692
14002
14017
14047
14231
14381
14450
14541
14572
14652
14656
14709
14733
14963
15461
15588
15632
15647
15719
15750
15863
15881
15882
15913
15974
16352
16406
16563
16770
16790
16845
16955
17039
17145
17210
17338
17365
17516
17558
17846
17944
17956
18172
18237
18252
18337
18402
18422
18549
18561
18606
18631
18665
18734
18747
18782
18962
18973
18994
19023
19078
19101
19220
19229
19543
19554
19586
19621
19624
19692
19832
19865
20079
20138
20187
20217
20290
20382
20570
20620
20687
20941
20986
21085
21112
21121
21233
21353
21358
21443
21520
21537
21603
21755
21891
22012
22237
22242
22366
22418
22419
22455
22488
22495
22680
22732
22768
22929
22983
23038
23056
23059
23150
23250
23358
23390
23409
23430
23505
23603
23703
23939
24014
24100
24290
24485
24641
24797
24862
24898
25031
25165
25352
25358
25584
25681
25732
25739
25817
25905
26091
26226
26249
26417
26419
26467
26500
27070
27128
27166
27380
27476
27533
27584
27706
27744
27746
27765
27877
28054
28181
28183
28220
28706
28959
29173
29211
29363
29372
29392
29419
29704
29736
29788
29886
30095
30184
30218
30226
30446
30527
30553
30896
30911
31257
31310
31604
31875
31951
31968
32244
32644
32727
32764
32823
32843
33011
33040
33107
33210
33277
33370
33445
33546
33552
33576
33848
33958
34231
34283
34408
34436
34505
34516
34555
34577
34636
34661
34755
34774
34804
34822
34837
35021
35057
35108
35131
35170
35181
35258
35342
35361
35374
35583
35618
35671
35791
35793
35811
35913
35963
36053
36082
36238
36309
36332
36349
36484
36523
36590
36638
36681
36722
36896
37042
37090
37093
37119
37339
37447
37495
37553
37585
37597
37614
37624
37699
37756
37843
37954
38150
38159
38276
38321
38432
38685
38754
38798
38864
38898
38913
38935
38939
39103
39320
39443
39543
39681
39913
40036
40042
40107
40208
40251
40614
40755
40799
40819
40826
40906
41063
41319
41649
41730
41901
42089
42157
42255
42321
42362
42398
42526
42599
42673
42712
42825
42882
43040
43173
43242
43301
43410
43543
43550
43619
43622
43692
43984
44083
44190
44209
44396
44532
44573
44609
44661
44748
44774
44985
45009
45158
45202
45296
45305
45318
45405
45534
45581
45614
45629
45645
45701
45765
45865
46286
46405
46431
46434
46692
46953
47096
47154
47227
47310
47345
47612
47630
47740
47956
47973
48063
48070
48293
48373
48622
48847
49192
49196
49208
49261
49442
49504
49565
49601
49682
49739
49755
49946
49988
49997
50215
50419
50641
50715
50724
50836
51180
51321
51369
51374
51564
51578
51584
51596
51639
51895
52053
52129
52132
52139
52260
52305
52407
52761
52867
52887
52973
53053
53067
53306
53334
53443
53500
53592
53753
53779
53931
54212
54445
54548
54667
54841
55020
55035
55224
55352
55623
55686
55699
55824
55879
55986
56076
56194
56196
56334
56409
56430
56457
56678
56793
56874
56899
56957
56969
56978
57029
57141
57265
57306
57350
57363
57365
57427
57478
57600
57700
57703
57756
57758
57779
57972
58055
58067
58070
58093
58161
58314
58380
58468
58498
58531
58743
59015
59044
59092
59117
59209
59419
59446
59779
59784
59876
59907
60034
60057
60065
60068
60072
60140
60385
60469
60500
60654
60690
60801
60899
60969
60988
61058
61060
61061
61321
61522
61551
61595
61662
61668
61723
61761
61968
62036
62109
62165
62202
62228
62270
62273
62377
62403
62446
62524
62809
62872
62919
63193
63380
63408
63594
63644
63752
63754
63821
63976
64084
64368
64391
64396
64506
64599
64729
64826
64900
64945
65052
65159
65163
65334
65532
65550
65593
65598
65643
65733
65744
65779
65978
66024
66054
66156
66231
66261
66274
66316
66336
66349
66378
66398
66452
66575
66613
66614
66617
66682
66761
66902
66914
66945
66971
67273
67309
67431
67449
67482
67520
67642
67747
67845
67888
68055
68163
68310
68426
68457
68473
68503
68559
68580
68641
68814
68856
68879
68895
68981
69083
69158
69182
69207
69518
69604
69732
69866
69945
70045
70051
70145
70172
70298
70300
70374
70402
70441
70553
70591
70627
70644
70646
70665
70702
70711
70738
70837
70843
71038
71120
71181
71185
71224
71865
71948
71969
71987
72012
72108
72120
72212
72431
72553
72577
72662
72997
73082
73181
73250
73297
73367
73386
73700
73725
73817
73969
74176
74303
74305
74383
74515
74619
75023
75046
75075
75094
75098
75144
75162
75233
75619
75625
75663
75816
76013
76284
76287
76324
76363
76420
76437
76649
76669
76756
76923
77442
77668
77753
77866
77897
77954
78107
78117
78226
78343
78373
78374
78415
78431
78498
78677
78694
78769
78792
78913
79096
79097
79098
79148
79263
79294
79297
79421
79835
80054
80223
80319
80467
80568
80651
80676
80749
80773
80802
80835
80969
80977
81026
81168
81230
81264
81279
81371
81481
81613
81688
81735
81868
81937
82045
82139
82359
82394
82477
82555
82567
82673
82692
82907
82921
83096
83129
83131
83139
83170
83434
83465
83475
83616
83620
83776
83918
83953
83956
83968
84150
84197
84236
84268
84383
84539
84546
84563
84610
84663
84718
84866
85153
85338
85405
85479
85543
85746
85821
85897
85916
86027
86142
86144
86226
86252
86396
86418
86560
86680
86775
86853
86870
87206
87246
87270
87562
87708
87726
87744
87921
87986
88038
88136
88155
88189
88227
88269
88316
88373
88419
88436
88458
88549
88681
88698
88754
88858
88886
89043
89157
89303
89365
89499
89578
89609
89689
89726
89846
89857
89894
90048
90161
90168
90170
90273
90484
90624
90639
90720
90763
90868
90983
90995
91076
91330
91365
91431
91493
91526
91632
91665
91724
91768
91771
91813
91876
92000
92062
92173
92308
92349
92355
92422
92593
92724
92955
93012
93073
93086
93195
93294
93394
93512
93672
93747
93780
93789
93840
93934
94319
94329
94576
94626
94851
94886
95125
95154
95169
95191
95268
95504
95514
95805
95866
95962
95968
96047
96064
96146
96168
96228
96443
96583
96748
96800
96897
96903
96931
96972
97194
97296
97410
97439
97480
97489
97662
97780
97896
97957
98263
98276
98471
98506
98618
98652
98695
98969
99202
99320
99354
99403
99419
99544
99702
99736
99873
