10232
10468
10468
10468
10468
10468
10468
10468
10468
10468
10468
10468
10648
10654
10723
11167
11294
11640
11734
11889
12467
12643
12770
13041
13090
13271
13305
13367
13430
13436
13454
13587
13692
13692
13898
14090
14259
14555
14656
14656
14656
14656
14656
14656
14656
14925
15216
15242
15732
16201
16250
16313
16480
16758
16770
16770
16770
16770
16770
16770
16770
16770
16770
16770
16770
16770
16770
16770
16770
16770
16770
16770
17347
17423
17617
17623
17637
17932
18079
18139
18415
18763
18816
19018
19236
19398
19406
19432
19553
19586
19586
19586
19586
19586
19586
19586
19586
19586
19586
19586
19586
19586
19586
19594
19742
19770
19897
19898
19909
19912
20187
20187
20187
20187
20187
20187
20187
20187
20187
20187
20187
20187
20187
20187
20187
20187
20430
20442
20450
20551
21498
22314
22488
22488
22488
22488
22597
22642
23011
23040
23131
23192
23208
23254
23335
23412
23509
23658
23752
24024
24195
24551
24598
24937
25016
25419
25431
25646
26033
26340
26479
26612
26965
27006
27070
27070
27070
27070
27070
27070
27070
27070
27070
27070
27070
27070
27070
27070
27070
27070
27070
27070
27070
27070
27150
27177
27196
27501
27736
27850
27874
27950
28091
28146
28165
28284
28702
28719
28798
29173
29173
29173
29173
29173
29173
29173
29173
29173
29173
29173
29173
29173
29173
29173
29173
29173
29173
29212
29981
30289
30302
30348
30643
30714
30896
30896
30896
30896
30896
30896
30896
30896
30896
30896
30896
30919
30991
31064
31090
31091
31121
31191
31261
31390
31518
31634
31728
31755
31760
31808
32158
32348
32469
32642
32643
32678
32771
33049
33109
33147
33168
33277
33277
33277
33277
33277
33277
33277
33277
33277
33277
33277
33277
33277
33277
33363
33630
34404
34453
34468
34498
34526
34705
34779
34868
35005
35037
35041
35246
35253
35305
35338
35357
35447
35481
35541
35592
35599
35706
35936
35985
36335
36454
36795
36878
36929
36931
37042
37042
37042
37042
37042
37042
37042
37042
37042
37042
37042
37042
37042
37520
38193
38561
38731
38777
38881
39000
39235
39465
39600
39762
39913
39913
39913
39913
39913
39913
39913
39913
39913
39913
39913
39913
39957
40001
40341
40607
40691
40771
40781
40976
41046
41190
41278
41419
41684
41705
41775
41779
41896
41994
42085
42226
42263
42504
42545
42585
42605
42631
42850
43072
43276
43393
43398
43619
43619
43619
43619
43619
43619
43619
43760
43778
43807
43897
44020
44090
44159
44539
44764
44931
44983
45281
45332
45488
45783
45804
45944
46127
46180
46534
46622
46751
46767
46862
47227
47227
47227
47227
47227
47227
47227
47227
47227
47227
47227
47227
47227
47227
47227
47227
47227
47309
47641
47714
47752
48153
48403
48560
48719
48742
48749
48803
48982
49196
49196
49196
49196
49196
49196
49196
49196
49196
49242
49305
49751
50162
50479
51191
51572
51581
51728
51736
51942
52130
52138
52163
52565
52608
52913
52928
53110
53283
53315
53430
53467
53557
53759
54006
54169
54196
54219
54268
54460
54470
54539
54577
54799
54906
54937
55002
55104
55759
55986
56070
56357
56524
56593
56653
56685
56724
56820
56860
57178
57459
57465
57490
57680
57714
57933
58067
58067
58067
58067
58067
58067
58067
58067
58074
58136
58239
58448
58465
58771
58846
58938
59051
59209
59209
59209
59209
59209
59209
59209
59209
59209
59209
59209
59209
59209
59209
59209
59209
59209
59209
59209
59239
59293
59374
59545
59686
59845
60034
60034
60034
60034
60034
60034
60034
60034
60034
60034
60034
60034
60034
60034
60034
60034
60034
60034
60228
60267
60406
60524
60540
60632
60717
60877
60910
61152
61171
61321
61321
61321
61321
61321
61321
61321
61321
61321
61321
61321
61321
61327
61518
61551
61551
61551
61551
61551
61551
61551
61551
61551
61551
61551
61551
61551
61551
61551
61551
61551
61551
61551
61657
61787
61879
62041
62157
62282
62491
62712
62719
62759
62946
63193
63193
63193
63193
63193
63193
63193
63193
63193
63193
63414
63551
63559
63648
63754
63754
63754
63754
63754
63754
63754
63754
64457
64663
64705
64736
64874
64955
65125
65227
65307
65364
65375
65386
65627
65779
65779
65779
65779
65779
65779
65779
65779
65779
65841
65947
65961
66209
66320
66336
66336
66336
66336
66336
66474
66518
66545
66587
66828
66996
67069
67267
67420
67481
67571
67717
67781
67989
68277
68295
68516
68642
68846
68884
68950
68981
68981
68981
69134
69158
69158
69158
69158
69158
69158
69158
69158
69158
69158
69158
69158
69158
69269
69573
69880
70326
70388
70413
70479
70557
70963
71000
71004
71011
71196
71300
71439
71625
71636
71733
71848
72036
72225
72284
72435
73054
73119
73493
73535
73587
73631
73806
73952
73981
74365
74542
74679
74713
74839
74945
74971
75286
75565
75617
75715
75778
75790
75928
76287
76287
76287
76287
76287
76287
76287
76287
76287
76287
76287
76324
76324
76324
76324
76324
76324
76324
76324
76324
76324
76324
76324
76324
76324
76324
76324
76324
76363
76363
76363
76363
76363
76363
76363
76363
76363
76363
76363
76363
76363
76363
76363
76363
76363
76363
76363
76363
76435
76860
77218
77288
77391
77472
77651
77969
78117
78117
78117
78117
78117
78117
78117
78300
78373
78373
78373
78373
78373
78373
78373
78373
78373
78373
78373
78373
78373
78373
78373
78373
78373
78373
78373
78593
78739
78760
78955
79218
79444
79531
79651
80208
80280
80489
80516
80535
80574
80598
80611
80876
80975
81132
81168
81168
81168
81168
81168
81168
81168
81168
81168
81168
81168
81168
81168
81168
81168
81298
81327
81345
81365
81380
81708
81835
81868
81868
81868
81868
81868
81868
82052
82175
82348
82403
82477
82477
82728
83075
83211
83311
83328
83337
83354
83360
83377
83416
83512
83582
83718
83847
83914
84394
84396
84631
84819
85133
85167
85174
85619
85623
85648
85678
85770
85817
87067
87173
87428
87612
87650
88063
88090
88154
88193
88553
88633
88778
88861
89262
89269
90041
90226
90256
90260
90563
90756
90826
91070
91120
91391
91401
91526
91526
91893
92060
92236
92287
92342
93059
93360
93619
93764
94227
94253
95058
95142
95805
95805
95805
95805
95805
95805
95805
95805
95805
95805
95805
95805
95805
95805
95805
95805
95805
95805
95805
95805
96540
96591
96601
96869
96903
96903
96903
97224
97536
97741
98020
98095
98114
98262
98421
98556
99070
99211
99459
99601
99638
99697
